74123586	0.000107
2456987	0.001530
7896	0.003549
54789	0.001883
41578	0.000024
1236985	0.001438
123578	0.005047
12357896	0.005570
35628	0.000053
321486	0.000462
98741	0.000682
74263	0.000052
1235789	0.019693
258963	0.001239
1236	0.015388
75321	0.000470
457689	0.000039
24569	0.006535
1452789	0.000018
1235	0.005208
1236987	0.004795
123574	0.001541
6874	0.000067
12659	0.000024
741598	0.000266
35789	0.013404
1268	0.000714
518379	0.000091
35789	0.013404
123586	0.001012
32458	0.000092
126897435	0.000001
74569	0.000649
25389	0.000128
42589	0.001253
1456	0.003829
9245	0.000013
1236	0.015388
4789	0.010746
12483	0.000350
25683791	0.000007
1475	0.000806
1532	0.001598
42359	0.000025
24879	0.000240
986345217	0.000000
357891	0.000265
3298	0.000039
12368	0.000423
1235789	0.019693
4789	0.010746
845167	0.000000
1254	0.000702
35786	0.000334
12369	0.041735
32145689	0.000387
42569	0.000776
58963	0.000812
2486	0.004321
654789	0.003369
47689	0.000038
75918	0.000001
1573	0.000021
14789	0.026286
12357	0.006933
1258	0.004995
12357	0.006933
14789	0.026286
2741	0.000119
958632147	0.000009
147586	0.000241
2435789	0.000756
5789	0.004192
12369	0.041735
5698	0.001345
147526389	0.000000
254789	0.001695
7259	0.000001
123698754	0.000250
24589	0.002350
7896	0.003549
14789	0.026286
12589	0.006738
8521	0.000353
147859	0.000154
2639	0.000113
42586	0.000393
1427896	0.000048
12486	0.002068
12357896	0.005570
35789	0.013404
123574869	0.000248
4569	0.004880
1478	0.006989
125387	0.000034
4569	0.004880
1235789	0.019693
256184	0.000023
1235789	0.019693
478561	0.000020
123569	0.004001
36214	0.000005
125496	0.000030
1532789	0.000029
512369	0.000539
123569	0.004001
152346	0.000002
456987	0.001043
147589	0.000749
12369	0.041735
7896	0.003549
24578	0.000396
65438	0.000008
2768	0.000116
123698	0.004315
12359	0.001715
24563	0.001399
2147	0.000477
12369	0.041735
5789	0.004192
24589	0.002350
4789	0.010746
1478	0.006989
1475	0.000806
152369	0.000499
248596317	0.000008
1532	0.001598
24568	0.000821
147896325	0.001072
1236	0.015388
76852349	0.000002
2569	0.006074
1235789	0.019693
24569	0.006535
12345	0.000699
123569	0.004001
5689	0.001282
4789	0.010746
248693	0.000152
24578963	0.000252
24869	0.003406
35789	0.013404
12369874	0.001745
9621	0.000036
12569	0.004768
245618397	0.000019
42369	0.000575
1256987	0.000699
74123569	0.000336
652489	0.000012
5789	0.004192
2589	0.009541
5214789	0.000326
2689	0.001298
147863	0.000105
123654789	0.003970
5896	0.001363
12356789	0.000093
321478	0.001373
45871	0.000013
253698	0.000159
25698741	0.000352
4213	0.000016
1236589	0.002644
512369	0.000539
12368	0.000423
4789	0.010746
3578942	0.000010
5621	0.000058
1258	0.004995
1258963	0.001034
245789	0.001531
8753691	0.000002
12589637	0.000041
12589	0.006738
12547896	0.000188
2486	0.004321
125863	0.000825
1236	0.015388
14569	0.005437
4789	0.010746
147852369	0.000641
752369	0.000335
14783	0.000116
123698	0.004315
1236	0.015388
25891	0.000189
2438	0.000074
123498756	0.000009
1592	0.000114
12369	0.041735
9857	0.000030
258963	0.001239
98521	0.000060
25369	0.001376
1236589	0.002644
42569	0.000776
98741235	0.000161
2145687	0.000015
7589	0.002242
14869	0.001350
35618	0.000135
7689	0.000304
3578	0.003549
4253	0.000127
15268379	0.000002
354789	0.001633
1235869	0.000883
4589	0.001859
5698	0.001345
357896	0.003381
1532	0.001598
12369	0.041735
123695	0.001423
1235789	0.019693
74159	0.000616
12456987	0.000767
162358	0.000001
236987	0.000654
659321478	0.000010
12365	0.002859
1578	0.000325
1236	0.015388
12369874	0.001745
1456	0.003829
1456	0.003829
12356	0.002669
357419	0.000027
12369	0.041735
25863	0.000971
1258	0.004995
1235769	0.000514
147589	0.000749
7852369	0.000165
2589	0.009541
12369	0.041735
14785963	0.000041
24561789	0.000313
2456	0.004626
245618	0.000076
12356	0.002669
35789	0.013404
125489	0.000022
25673	0.000017
478632	0.000013
7536894	0.000001
35869	0.000567
123547	0.000564
814532	0.000001
14869	0.001350
1235789	0.019693
589634	0.000049
5879	0.000354
2456789	0.000133
2487	0.000994
12356	0.002669
258379	0.000338
15987	0.001358
143258	0.000004
245786	0.000033
95761843	0.000000
12569	0.004768
23569	0.000427
2486	0.004321
2453	0.000486
9875321	0.000090
1478	0.006989
1236	0.015388
1235	0.005208
123578	0.005047
147896325	0.001072
3412569	0.000016
5689	0.001282
2456	0.004626
3578	0.003549
841235769	0.000056
14532	0.000314
4789	0.010746
874123659	0.000011
415987	0.000118
1235869	0.000883
35789	0.013404
12357	0.006933
35789	0.013404
4789	0.010746
1236	0.015388
3547896	0.000476
12945	0.000005
1235789	0.019693
14789	0.026286
14789	0.026286
25164	0.000003
75369	0.002540
7452369	0.000041
45789	0.001133
753621	0.000009
12568	0.000567
1235789	0.019693
25847	0.000108
78521	0.000033
163258974	0.000001
2356	0.000290
2587419	0.000095
1425	0.000406
745869	0.000070
1235789	0.019693
24789	0.002037
25891	0.000189
2538	0.000137
124569	0.003036
1235789	0.019693
578963	0.000304
3275	0.000032
624789	0.000004
456321	0.000372
25619	0.000044
789214	0.000002
412789	0.000009
12357	0.006933
2369	0.005777
1235789	0.019693
6857	0.000017
6852347	0.000023
369874152	0.000154
2459	0.000227
2486	0.004321
123698754	0.000250
3658	0.000288
2589	0.009541
4789	0.010746
74125896	0.000034
35789	0.013404
58963	0.000812
1478	0.006989
98753214	0.000176
125869	0.001759
123576	0.000359
4589	0.001859
12486	0.002068
12357486	0.000278
14863	0.000332
6598	0.000210
12569	0.004768
24578	0.000396
471659	0.000000
1268	0.000714
68932147	0.000025
2589	0.009541
1478	0.006989
1425369	0.000135
25789	0.001199
1235698	0.000469
2459	0.000227
123578964	0.000995
987536	0.000653
15369	0.002512
58963	0.000812
2569	0.006074
95167243	0.000000
1234789	0.000494
12369	0.041735
453728	0.000002
123569	0.004001
14789	0.026286
1235786	0.000542
1236	0.015388
1258	0.004995
15789	0.001262
32145	0.001013
12369	0.041735
3578	0.003549
7521	0.000094
12369	0.041735
12586	0.002155
12578963	0.000150
125869	0.001759
124589	0.000982
65874231	0.000002
4789	0.010746
52369	0.000925
7412365	0.000171
254789	0.001695
45637	0.000014
32569	0.001066
74159	0.000616
243569	0.000128
247586	0.000019
32568	0.000128
12456	0.002115
52369	0.000925
357896	0.003381
6321	0.000368
1258963	0.001034
4789	0.010746
14789	0.026286
1598	0.001107
357891	0.000265
85236	0.000457
836741259	0.000000
3589621	0.000007
15369	0.002512
741258	0.000179
4569	0.004880
35789	0.013404
7896	0.003549
36985	0.000296
1453	0.000288
74123596	0.000147
256843791	0.000000
98741	0.000682
14257698	0.000001
1245869	0.000268
125789	0.000902
3698	0.002367
1248	0.000569
2569	0.006074
53214	0.000031
2589634	0.000083
7415369	0.000342
321587	0.000029
42569	0.000776
742569	0.000171
14789	0.026286
12365	0.002859
756183	0.000082
45628	0.000103
3489	0.000025
25346	0.000005
2561	0.000437
1475386	0.000095
1478	0.006989
14789	0.026286
745213869	0.000000
1598	0.001107
426783	0.000000
3569874	0.000053
98523641	0.000002
32451	0.000018
42589137	0.000001
42369	0.000575
51478	0.000232
1236	0.015388
12365	0.002859
245618379	0.000574
125789	0.000902
14589	0.001850
123568974	0.000018
1268	0.000714
1492786	0.000001
987415362	0.000030
3214789	0.005185
753698	0.000714
6321489	0.000019
12569	0.004768
3574	0.000394
98365	0.000022
12365789	0.001589
23698741	0.000120
1486	0.001736
12357	0.006933
5689	0.001282
1236	0.015388
2698745	0.000022
4256	0.000549
325789	0.000197
1234569	0.000934
7589632	0.000064
147896	0.003145
25693	0.000249
2357896	0.000652
84123	0.000051
14753896	0.000033
2489	0.001785
1235789	0.019693
7453289	0.000002
84369	0.000032
98742536	0.000052
14569	0.005437
2569	0.006074
12354789	0.002830
25869	0.002318
41532	0.000133
98741532	0.000162
6514789	0.000073
26895	0.000061
147523698	0.000066
2456	0.004626
2583	0.000390
124589	0.000982
123698	0.004315
358964	0.000054
1235789	0.019693
24789	0.002037
1478963	0.001815
5162	0.000016
1258	0.004995
142569	0.000610
12369	0.041735
24569	0.006535
1235789	0.019693
74586	0.000087
1235478	0.000710
1478	0.006989
512369874	0.000057
147852369	0.000641
7895	0.001412
125879	0.000413
753698	0.000714
124568379	0.000050
325896	0.000399
5987	0.000297
324568	0.000049
2789	0.002152
1235789	0.019693
425863	0.000142
24863	0.001378
2456	0.004626
321487569	0.000006
1236987	0.004795
2456	0.004626
75963	0.000227
325867	0.000005
12369	0.041735
7536	0.000932
52349186	0.000000
1236587	0.000497
1236587	0.000497
214589	0.000143
5789	0.004192
14789	0.026286
6582	0.000026
12359	0.001715
24789	0.002037
124789	0.000872
4569321	0.000072
123654789	0.003970
248957	0.000010
75698	0.000176
2561478	0.000012
123587	0.000602
12567	0.000031
2789	0.002152
1487	0.000387
2589	0.009541
123578	0.005047
1475869	0.000198
1275364	0.000002
12369	0.041735
561837924	0.000005
12365879	0.000134
123589	0.002515
45789	0.001133
12369	0.041735
26859	0.000045
14789	0.026286
2495	0.000196
25789	0.001199
12369875	0.001249
2789654	0.000019
12569	0.004768
12357	0.006933
16845	0.000004
14578	0.000307
24863	0.001378
1253	0.000670
2569	0.006074
32589	0.001496
1245863	0.000136
1235789	0.019693
1256	0.003340
235689	0.000107
235789	0.002374
147896	0.003145
24865	0.000483
15789	0.001262
1536	0.000906
6587	0.000582
1236	0.015388
25869	0.002318
14789	0.026286
45789	0.001133
7694	0.000001
12369	0.041735
12369	0.041735
5896	0.001363
7495	0.000224
1234	0.002013
24869	0.003406
14789	0.026286
84569	0.000905
58964	0.000150
2759	0.000088
1236594	0.000025
125864	0.000189
2369	0.005777
1532	0.001598
47896125	0.000001
6587	0.000582
125378946	0.000001
1258	0.004995
124569	0.003036
6547	0.000530
3214589	0.000385
5698	0.001345
4789	0.010746
74258	0.000235
5874	0.000214
12587	0.001589
2369	0.005777
12369	0.041735
475369	0.000345
12357	0.006933
14758369	0.000022
8741532	0.000027
78953	0.000016
35789	0.013404
2569	0.006074
321478	0.001373
9852	0.000205
3214586	0.000163
5698	0.001345
1475369	0.000933
258963	0.001239
1235789	0.019693
5236	0.000335
456987	0.001043
12369	0.041735
321486	0.000462
3547891	0.000041
125789	0.000902
14569	0.005437
358796	0.000003
1235789	0.019693
24869	0.003406
357689	0.000472
123569	0.004001
12369	0.041735
1234	0.002013
123578	0.005047
2435789	0.000756
324589	0.000122
1235	0.005208
875369	0.000158
4569	0.004880
74123698	0.000328
47589	0.000274
1478569	0.000291
14753	0.000622
12369	0.041735
86547	0.000136
4587	0.000623
4789	0.010746
762145	0.000004
75369	0.002540
1452	0.000320
49236	0.000018
12458	0.000713
125896	0.000827
1254687	0.000004
2587	0.002314
1478965	0.000421
248631	0.000079
23578	0.000626
5632	0.000279
3658	0.000288
56874	0.000016
142589	0.000885
12357	0.006933
14789	0.026286
7425863	0.000038
8472569	0.000029
758632	0.000052
25689	0.001451
12354789	0.002830
12357498	0.000054
1235789	0.019693
45281976	0.000000
21478963	0.000308
75321486	0.000225
12369	0.041735
741536	0.000123
254789	0.001695
74123589	0.000254
2689	0.001298
2435789	0.000756
4789	0.010746
7425698	0.000057
4268	0.000346
2587	0.002314
5789	0.004192
1457	0.000423
35789	0.013404
4789	0.010746
6895	0.001230
5369	0.000942
2586147	0.000057
1235789	0.019693
1235	0.005208
1427896	0.000048
147532	0.000702
1236589	0.002644
9841532	0.000006
51632	0.000037
65832	0.000007
1596	0.002564
98741536	0.000253
25879	0.000521
7486	0.000441
742369	0.000124
45869321	0.000008
8547619	0.000000
3214789	0.005185
1235698	0.000469
14869	0.001350
684357	0.000013
1236	0.015388
32147	0.001168
12369	0.041735
486325	0.000018
24589	0.002350
12569	0.004768
3485	0.000005
7412369	0.001212
6593	0.000036
8412357	0.000215
12369	0.041735
4163	0.000023
34869	0.000060
2457	0.000546
36987	0.002589
456987	0.001043
38569	0.000016
14789635	0.000391
3547896	0.000476
3578	0.003549
3867	0.000003
35789	0.013404
25869	0.002318
2587	0.002314
45789	0.001133
14258	0.000643
654789	0.003369
6894	0.000266
9426	0.000005
4789	0.010746
1235789	0.019693
456321	0.000372
2587	0.002314
3487	0.000014
14589	0.001850
3214586	0.000163
357896	0.003381
1245786	0.000015
458791236	0.000004
2789	0.002152
214789	0.002110
147532	0.000702
12369	0.041735
24536987	0.000181
147586	0.000241
12459	0.000096
8693	0.000353
741632	0.000023
1235689	0.001042
12354869	0.000147
1245	0.002686
35789	0.013404
1426357	0.000007
87412369	0.000107
5619	0.000033
47896	0.001270
75369	0.002540
235789	0.002374
14789	0.026286
1478	0.006989
47896325	0.000180
147895	0.001544
12369	0.041735
123689	0.000851
35789	0.013404
12369	0.041735
123578	0.005047
2789	0.002152
7521	0.000094
24865	0.000483
47532	0.000110
9874256	0.000149
1568	0.000088
32147896	0.001467
1265789	0.000050
3587429	0.000001
45863	0.000118
24563	0.001399
3214869	0.000388
1253789	0.000066
1478	0.006989
321486	0.000462
21475369	0.000113
12569	0.004768
1589236	0.000001
12586	0.002155
1456	0.003829
47896321	0.000383
32586	0.000561
1235789	0.019693
123586	0.001012
589632147	0.000416
1458	0.001349
5874	0.000214
3698	0.002367
14278963	0.000056
12369	0.041735
124789	0.000872
5789	0.004192
254789	0.001695
4789	0.010746
7532148	0.000043
24869	0.003406
987562143	0.000001
1235789	0.019693
5916	0.000008
3218	0.000083
147895	0.001544
12365789	0.001589
1236	0.015388
12357	0.006933
75862	0.000014
2357896	0.000652
1235987	0.000386
235741	0.000155
475321	0.000196
3214569	0.001352
14789	0.026286
14756983	0.000007
12369	0.041735
9874	0.001091
1475369	0.000933
32456	0.000257
12354	0.001389
12589	0.006738
654789	0.003369
15689	0.000183
1258743	0.000036
124563	0.000731
142786	0.000008
74512369	0.000016
12347865	0.000003
4569837	0.000017
1245	0.002686
987532	0.000142
25874	0.000358
3215789	0.000181
47852	0.000118
1235789	0.019693
12357	0.006933
2589	0.009541
32147589	0.000305
142789	0.000385
14789	0.026286
24863579	0.000045
5698	0.001345
1235789	0.019693
2354789	0.000307
32145698	0.000164
6894	0.000266
2563	0.001216
3578	0.003549
48617	0.000014
654789	0.003369
14789	0.026286
8743	0.000004
1235789	0.019693
14865	0.000186
5619	0.000033
34789	0.000347
1236987	0.004795
21478	0.000559
3547	0.000339
124569	0.003036
58342	0.000000
35789	0.013404
12357	0.006933
963214785	0.000132
1235789	0.019693
12563	0.001063
2589	0.009541
12369	0.041735
3258741	0.000122
123547	0.000564
12357896	0.005570
58963	0.000812
753621489	0.000007
14562	0.000216
15769	0.000028
123569	0.004001
35742	0.000044
25618379	0.000489
561839	0.000086
1452369	0.000362
1472	0.000230
3478965	0.000012
3214589	0.000385
1245879	0.000092
24578	0.000396
12569	0.004768
123689	0.000851
2147589	0.000065
354789	0.001633
4578	0.000294
21569	0.000028
2456	0.004626
1235789	0.019693
92147536	0.000003
14569	0.005437
24569	0.006535
3869	0.000425
145628	0.000168
12354	0.001389
2589	0.009541
124569	0.003036
1235768	0.000406
12789	0.000486
123698	0.004315
35789	0.013404
61852347	0.000001
124569	0.003036
12365789	0.001589
12369874	0.001745
258963	0.001239
32568	0.000128
123568	0.000484
8169	0.000039
15963	0.001457
635789	0.000172
1425	0.000406
12354	0.001389
2145863	0.000020
9632458	0.000032
3214869	0.000388
123698745	0.001551
123654789	0.003970
124869	0.001630
12369	0.041735
1256	0.003340
1235789	0.019693
152789634	0.000000
35789	0.013404
62583	0.000002
14269	0.000339
3214789	0.005185
32486	0.000292
1478963	0.001815
1236	0.015388
1598	0.001107
12587	0.001589
58769	0.000033
25741	0.000066
78962354	0.000011
12486	0.002068
1245789	0.000650
4789	0.010746
1478	0.006989
356847	0.000012
9518374	0.000002
32147896	0.001467
42369	0.000575
125639	0.000165
369874125	0.000417
12369	0.041735
14789	0.026286
12457	0.000224
4569	0.004880
12349	0.000403
321475869	0.000115
2369	0.005777
4569	0.004880
1236987	0.004795
12369	0.041735
1236	0.015388
14532	0.000314
32145	0.001013
12369	0.041735
4569	0.004880
24569	0.006535
147869	0.000433
3587	0.000450
8415369	0.000103
32589	0.001496
357489	0.000018
457689	0.000039
14536	0.000152
1235789	0.019693
478523	0.000021
12359	0.001715
12365789	0.001589
4258963	0.000190
14275369	0.000079
1236987	0.004795
147896325	0.001072
5698	0.001345
12587	0.001589
25869	0.002318
47532896	0.000003
35689	0.000598
12486	0.002068
365298741	0.000000
1236	0.015388
3596	0.001130
145268379	0.000002
852369	0.001711
345689	0.000146
1486	0.001736
15789	0.001262
654928173	0.000000
23654917	0.000001
57412369	0.000098
12365	0.002859
3598	0.000241
123574	0.001541
75236	0.000122
125896	0.000827
12369	0.041735
14759632	0.000070
7586	0.000662
14789632	0.001324
7896	0.003549
2485963	0.000059
2147896	0.000263
2435769	0.000018
8741	0.000213
159632	0.001122
5632147	0.000034
12486573	0.000013
12369	0.041735
6589	0.002987
45621	0.000140
4789	0.010746
124589	0.000982
1245783	0.000003
4369	0.000105
742569	0.000171
1258697	0.000008
4789	0.010746
7483	0.000070
1235789	0.019693
5286	0.000039
12369	0.041735
3426	0.000008
7896	0.003549
14569	0.005437
6321458	0.000030
9632	0.000727
1254789	0.001412
12369	0.041735
4589	0.001859
1245689	0.000826
24569	0.006535
852147	0.000535
98621	0.000001
24589	0.002350
1236589	0.002644
14536	0.000152
1245	0.002686
24561	0.000384
12369	0.041735
159632	0.001122
84569	0.000905
1534789	0.000043
142587	0.000307
14789	0.026286
254789	0.001695
12357896	0.005570
147896	0.003145
14789	0.026286
147689	0.000111
12369	0.041735
54789	0.001883
14789	0.026286
42689	0.000695
2456987	0.001530
1235879	0.000156
7895	0.001412
145789	0.001216
357896	0.003381
256187	0.000041
35742861	0.000001
24583	0.000101
2435789	0.000756
21478963	0.000308
14789	0.026286
1235789	0.019693
1235789	0.019693
142689	0.000472
123698754	0.000250
35789	0.013404
14789	0.026286
1478	0.006989
12365	0.002859
12369	0.041735
1458629	0.000002
12357	0.006933
1236	0.015388
12369	0.041735
758914263	0.000003
3486	0.000072
35764	0.000065
41789	0.000067
1235789	0.019693
56321	0.000175
354869	0.000073
53789	0.000057
12358964	0.000099
12687	0.000114
3216	0.000193
68325	0.000008
1236985	0.001438
4578	0.000294
15987	0.001358
12369	0.041735
5621478	0.000014
4586173	0.000004
24561	0.000384
369874521	0.000029
369874521	0.000029
12369	0.041735
123578	0.005047
12569	0.004768
1245689	0.000826
8741635	0.000000
147896	0.003145
24569	0.006535
478659	0.000011
2586	0.002900
12369	0.041735
123578	0.005047
26547	0.000014
369874	0.000327
15963	0.001457
274153698	0.000007
5891	0.000231
3574168	0.000002
123569	0.004001
3215987	0.000164
243586	0.000036
4586	0.000571
12675	0.000005
12369854	0.000067
3589	0.001846
256183	0.000403
12568	0.000567
145869	0.000485
258741	0.000639
43578	0.000111
12586	0.002155
1235	0.005208
12357	0.006933
145789	0.001216
2486	0.004321
1235789	0.019693
24856379	0.000002
98756	0.000148
123698	0.004315
492761835	0.000000
35789	0.013404
8526391	0.000001
235698	0.000049
321589	0.000119
1245689	0.000826
12589	0.006738
2486	0.004321
145632	0.000609
42358	0.000029
2561837	0.000073
48963	0.000041
4789	0.010746
4569	0.004880
3214789	0.005185
24863	0.001378
2546	0.000141
578963	0.000304
753698	0.000714
7536	0.000932
35789	0.013404
1235789	0.019693
1236589	0.002644
14789	0.026286
125789	0.000902
456987	0.001043
147295	0.000046
24987	0.000044
124863	0.000748
741536	0.000123
15987426	0.000082
14587	0.000630
1456	0.003829
95147	0.000022
7852914	0.000001
2586	0.002900
14569	0.005437
15369	0.002512
2458	0.001756
12369	0.041735
7598	0.000401
2458	0.001756
14789	0.026286
2589	0.009541
6542	0.000036
2369	0.005777
1258749	0.000087
3654789	0.000616
125639	0.000165
478596	0.000023
6547	0.000530
1596	0.002564
789635412	0.000062
3589	0.001846
159874236	0.000113
145689	0.001421
987423561	0.000014
5147	0.000186
25834	0.000037
254861	0.000005
654789	0.003369
524869	0.000046
3698	0.002367
56789	0.000086
4561789	0.000198
698741	0.000024
3869	0.000425
123659	0.000762
2689	0.001298
2369	0.005777
3549	0.000098
145789	0.001216
512369	0.000539
4789	0.010746
2456987	0.001530
123578	0.005047
35789	0.013404
21457	0.000033
632547891	0.000001
3258	0.001140
854693	0.000000
14753896	0.000033
3258	0.001140
145369	0.000425
369874125	0.000417
3214789	0.005185
7589	0.002242
25418	0.000001
12589	0.006738
42586	0.000393
32147896	0.001467
4258	0.000936
384569	0.000018
325614789	0.000012
1234	0.002013
3569	0.002492
865739	0.000001
24589	0.002350
4265879	0.000004
74589	0.000284
23574869	0.000011
1258	0.004995
12589	0.006738
14789	0.026286
7536	0.000932
5369	0.000942
126845	0.000045
85241	0.000017
245639	0.000218
653214789	0.000034
7896	0.003549
14725698	0.000034
762145	0.000004
56981472	0.000002
3478	0.000092
32587	0.000368
78963	0.001957
1456	0.003829
15963	0.001457
256139	0.000021
8475321	0.000104
956278	0.000001
2536	0.000499
245789	0.001531
7415369	0.000342
2578963	0.000167
145236	0.000128
1235789	0.019693
12365874	0.000279
4569	0.004880
2689	0.001298
24537869	0.000001
4789	0.010746
14569	0.005437
1456	0.003829
24869	0.003406
12369	0.041735
6587	0.000582
32589	0.001496
1235	0.005208
123574	0.001541
14569	0.005437
15342	0.000003
125879	0.000413
1236	0.015388
386547	0.000029
1258	0.004995
12345896	0.000086
256389	0.000048
14789	0.026286
3214789	0.005185
45687123	0.000003
123654789	0.003970
7534	0.000164
6845	0.000081
356987	0.000349
1235789	0.019693
14789	0.026286
1536987	0.000357
56987	0.001708
123698754	0.000250
1235769	0.000514
84569	0.000905
86359	0.000009
15698742	0.000007
12369	0.041735
456987	0.001043
12369	0.041735
12563789	0.000030
14789	0.026286
42758	0.000043
258963	0.001239
3214	0.001122
1478	0.006989
1425869	0.000241
8579	0.000042
12369	0.041735
547896	0.000237
75386	0.000198
42561837	0.000010
753698	0.000714
7496	0.000085
98745632	0.000025
253841	0.000013
12369875	0.001249
123659	0.000762
4568	0.000593
2365789	0.000207
1236	0.015388
7589	0.002242
12586	0.002155
9874561	0.000129
12354789	0.002830
4789635	0.000146
32689	0.000144
1235789	0.019693
24568	0.000821
1236	0.015388
1256879	0.000025
4123578	0.000105
7596	0.000388
1257896	0.000112
1235789	0.019693
12435789	0.000371
248635	0.000036
5687	0.000114
74156823	0.000000
4258913	0.000002
14586	0.000599
321486	0.000462
1236	0.015388
7589	0.002242
851473	0.000006
74256819	0.000001
452369	0.000290
12369	0.041735
1537	0.000175
24869	0.003406
32589147	0.000012
75369	0.002540
1245	0.002686
36987412	0.000025
3547896	0.000476
6589	0.002987
32148596	0.000013
14569	0.005437
1236	0.015388
4235789	0.000313
15963	0.001457
12689	0.001402
24869	0.003406
78965	0.000154
12569	0.004768
12369	0.041735
456987	0.001043
2586	0.002900
7412569	0.000149
5369	0.000942
12369	0.041735
125634789	0.000024
321486	0.000462
1235	0.005208
4569	0.004880
75896	0.000265
8762145	0.000002
35689	0.000598
1478962	0.000168
235789	0.002374
1235789	0.019693
12589	0.006738
12589	0.006738
68745	0.000031
2457	0.000546
1485236	0.000030
427896	0.000065
12369	0.041735
147589	0.000749
84579	0.000031
1234586	0.000113
12345789	0.000173
14569	0.005437
14859	0.000029
41589	0.000058
3659	0.000134
9578	0.000286
12369	0.041735
412356	0.000052
3265	0.000009
35789	0.013404
1235789	0.019693
2456789	0.000133
125369	0.001003
1486	0.001736
245637	0.000037
425617	0.000015
95236	0.000091
26938	0.000005
56789	0.000086
25689	0.001451
621478	0.000023
2365	0.000389
125698	0.000541
123658	0.001490
1236	0.015388
12369	0.041735
5963	0.000359
852369	0.001711
2563	0.001216
14789	0.026286
15328	0.000203
12357896	0.005570
62145	0.000031
9632157	0.000009
654932	0.000007
1235869	0.000883
65874	0.000082
76985214	0.000003
5618379	0.000361
12357896	0.005570
8479	0.000087
15698	0.000081
1235789	0.019693
457861	0.000003
12369	0.041735
2586	0.002900
258379	0.000338
147895	0.001544
24869	0.003406
1235	0.005208
1245698	0.000356
14253	0.000088
1598	0.001107
147562	0.000011
9841	0.000033
1235789	0.019693
856274	0.000001
12586	0.002155
3569	0.002492
15387	0.000082
7896	0.003549
25689	0.001451
741596	0.000249
123654789	0.003970
1236	0.015388
14789	0.026286
14569	0.005437
1248569	0.000122
75369	0.002540
12356	0.002669
24569	0.006535
5896	0.001363
356987421	0.000014
14789	0.026286
2563	0.001216
124569	0.003036
12369	0.041735
68357	0.000028
58647123	0.000001
12369	0.041735
32589	0.001496
1235789	0.019693
8412369	0.000348
123587	0.000602
12354	0.001389
12357896	0.005570
1256	0.003340
1478	0.006989
248679	0.000049
123574	0.001541
4758	0.000201
125863	0.000825
256987	0.000877
387415	0.000002
1258	0.004995
12357896	0.005570
21458	0.000104
21475369	0.000113
12356987	0.000617
3456	0.000379
12947	0.000006
3214569	0.001352
214586	0.000047
45869	0.000453
8596	0.000321
2489	0.001785
2369	0.005777
12369	0.041735
14789	0.026286
45698273	0.000004
12369	0.041735
12589	0.006738
125894376	0.000005
2789	0.002152
1478	0.006989
1235698	0.000469
478569	0.000096
2365789	0.000207
753698412	0.000034
4789	0.010746
14789	0.026286
35789	0.013404
1236589	0.002644
24789	0.002037
54789	0.001883
36985214	0.000013
258963	0.001239
4532	0.000129
1596	0.002564
4278	0.000140
3258	0.001140
36548	0.000015
5789	0.004192
2685473	0.000001
12357869	0.000480
58942	0.000003
12369	0.041735
123578	0.005047
12369	0.041735
7425	0.000129
1236987	0.004795
78965	0.000154
1452	0.000320
123547896	0.000943
6834	0.000029
158326	0.000000
756183	0.000082
258963147	0.000114
14789	0.026286
256987	0.000877
12365	0.002859
6987	0.000296
1236	0.015388
7589	0.002242
123698	0.004315
5789	0.004192
14589	0.001850
159632	0.001122
15963278	0.000040
1536	0.000906
275369	0.000369
321486	0.000462
148639	0.000046
12546	0.000120
12698745	0.000027
3652914	0.000000
12365	0.002859
42589	0.001253
1235879	0.000156
123569874	0.000425
2478	0.000539
12357896	0.005570
4268	0.000346
456987	0.001043
753248	0.000014
78963254	0.000175
3698	0.002367
8576	0.000017
36951	0.000039
14789	0.026286
2431789	0.000052
24569	0.006535
7869	0.000213
5369	0.000942
142753698	0.000031
1546	0.000019
14785	0.000737
24589	0.002350
123569	0.004001
2563	0.001216
94578	0.000008
2486	0.004321
12369	0.041735
25863	0.000971
25789	0.001199
32589	0.001496
2589	0.009541
2569	0.006074
96258	0.000022
3578	0.003549
12369	0.041735
24359	0.000062
45698	0.000528
14769	0.000071
47896	0.001270
57869	0.000068
12369	0.041735
12547	0.000283
14269	0.000339
84569	0.000905
1426	0.000307
12357698	0.000181
45698	0.000528
14896	0.000080
321596	0.000623
754281369	0.000000
324789	0.000103
758963214	0.000092
47856	0.000051
589467	0.000005
243157	0.000001
6547	0.000530
5891	0.000231
4789632	0.000248
36987	0.002589
243189	0.000005
36549	0.000034
65839	0.000023
85369	0.000226
14869	0.001350
7895	0.001412
12369	0.041735
12369	0.041735
7895	0.001412
357684192	0.000001
12365789	0.001589
35741269	0.000070
1456	0.003829
14789	0.026286
36589	0.000490
75941236	0.000004
145632	0.000609
14789	0.026286
1256	0.003340
1236	0.015388
4789	0.010746
2583	0.000390
1235789	0.019693
24569	0.006535
12359	0.001715
163258	0.000029
352189	0.000001
2589	0.009541
65789	0.001618
123569	0.004001
57328	0.000001
452789	0.000013
78963254	0.000175
152369	0.000499
3561874	0.000023
32456	0.000257
7415369	0.000342
123698	0.004315
98763	0.000029
1235789	0.019693
5691478	0.000036
2587	0.002314
24789	0.002037
12345789	0.000173
14256	0.000425
9852	0.000205
14789536	0.000044
36587	0.000094
235869	0.000097
12357	0.006933
1236	0.015388
1486325	0.000105
75236	0.000122
457689	0.000039
987426	0.000061
245698	0.000753
1596	0.002564
2486179	0.000214
3256	0.000723
47863	0.000040
1236	0.015388
1234	0.002013
7589632	0.000064
3689	0.000190
7532	0.000765
35789	0.013404
52369	0.000925
25689	0.001451
1258	0.004995
12369	0.041735
12369	0.041735
1538	0.000253
325896	0.000399
12369	0.041735
1258	0.004995
7412369	0.001212
142685	0.000060
124563	0.000731
7896325	0.000204
98547236	0.000003
7532	0.000765
12357	0.006933
1472589	0.000164
24561	0.000384
58964	0.000150
123698	0.004315
12456987	0.000767
2537	0.000105
14789	0.026286
12357	0.006933
1236985	0.001438
12369	0.041735
1254789	0.001412
369874125	0.000417
325869	0.000479
12359	0.001715
1236987	0.004795
8546	0.000019
25861	0.000311
7896	0.003549
12369	0.041735
15236987	0.000077
214869	0.000113
14789	0.026286
25894	0.000090
12369	0.041735
123869	0.000198
987425	0.000068
147896	0.003145
75963	0.000227
14526789	0.000003
12569	0.004768
357286914	0.000000
1458	0.001349
123654789	0.003970
1236987	0.004795
84263	0.000012
159632	0.001122
5298736	0.000000
57689	0.000121
35789	0.013404
12369	0.041735
1235789	0.019693
12589	0.006738
2589	0.009541
35789	0.013404
14869	0.001350
7598	0.000401
12357896	0.005570
254963	0.000035
12369	0.041735
215963	0.000088
14789	0.026286
123658	0.001490
2578963	0.000167
1598746	0.000080
123698	0.004315
14752896	0.000002
35468	0.000019
4789	0.010746
325869	0.000479
125478963	0.000282
357896	0.003381
21456389	0.000006
14789	0.026286
123596	0.001463
23589	0.000303
789632145	0.000685
56912487	0.000002
3568	0.000290
75862914	0.000000
42987	0.000056
123698	0.004315
1236	0.015388
1492	0.000055
1256987	0.000699
6895	0.001230
1596	0.002564
6578	0.000335
1235896	0.000690
2486357	0.000236
12357896	0.005570
7486	0.000441
123654	0.001400
32148	0.000102
1236958	0.000102
29457	0.000001
45896273	0.000001
1489	0.000680
78963254	0.000175
24569	0.006535
23659	0.000096
4789	0.010746
124578963	0.000130
47536	0.000126
321598746	0.000028
159632	0.001122
12354789	0.002830
12589	0.006738
23578	0.000626
3214789	0.005185
125478	0.000354
815369	0.000031
1236945	0.000017
248536	0.000017
3698	0.002367
1234	0.002013
2586	0.002900
2356	0.000290
142759	0.000018
8963	0.000229
2589	0.009541
1592768	0.000004
3214	0.001122
54789	0.001883
123574	0.001541
35698741	0.000047
14789	0.026286
354789	0.001633
1235	0.005208
14759	0.000295
578946	0.000015
256987	0.000877
4258379	0.000051
47895	0.000526
7421	0.000059
236987	0.000654
145789	0.001216
4789	0.010746
123578	0.005047
248657	0.000297
254789	0.001695
145632	0.000609
536987241	0.000000
36987	0.002589
34569	0.000556
578963	0.000304
253698	0.000159
148657	0.000119
14532	0.000314
12386	0.000238
27689	0.000233
1235689	0.001042
12369	0.041735
14789	0.026286
25863	0.000971
1236859	0.000042
2357	0.000864
3541	0.000133
41235789	0.000419
325869	0.000479
35789	0.013404
4789	0.010746
51236987	0.000083
3547	0.000339
5789	0.004192
42689	0.000695
235789	0.002374
12457	0.000224
14589	0.001850
1894	0.000001
235789	0.002374
269874	0.000038
1256	0.003340
654789	0.003369
35789	0.013404
12389	0.000288
5863	0.000317
3689	0.000190
14789	0.026286
123659	0.000762
53698	0.000102
24589	0.002350
12358	0.001864
624591	0.000000
12354789	0.002830
2369	0.005777
12536	0.000358
2569841	0.000026
1247896	0.000109
7534	0.000164
14789	0.026286
236589	0.000344
7589	0.002242
1478963	0.001815
215369	0.000130
78963	0.001957
12369	0.041735
1456	0.003829
24816	0.000024
2495	0.000196
235864	0.000010
7423569	0.000029
4258	0.000936
12369	0.041735
985236	0.000327
7689	0.000304
14569	0.005437
1236589	0.002644
14789	0.026286
142789	0.000385
1478	0.006989
357891	0.000265
1257896	0.000112
1235789	0.019693
15982	0.000137
3589	0.001846
12586	0.002155
12354789	0.002830
24869	0.003406
1235478	0.000710
24569	0.006535
9836541	0.000002
1236985	0.001438
3214569	0.001352
3214789	0.005185
569183	0.000011
147685	0.000007
1235789	0.019693
1236	0.015388
7586	0.000662
6542789	0.000049
45689	0.001222
1235786	0.000542
6547291	0.000007
123654789	0.003970
1236987	0.004795
3547891	0.000041
12369	0.041735
15789	0.001262
96321	0.000418
1235789	0.019693
1532	0.001598
24357896	0.000243
425897316	0.000001
4561839	0.000081
451987	0.000008
1235789	0.019693
1456937	0.000008
35789	0.013404
1236987	0.004795
5478	0.000489
2456183	0.000404
12357	0.006933
1596	0.002564
147852369	0.000641
1456	0.003829
12369	0.041735
2589	0.009541
524869	0.000046
789654	0.000218
27896	0.000264
45689	0.001222
45236987	0.000072
25896	0.001156
12369	0.041735
7412583	0.000022
24789	0.002037
3521489	0.000002
2369	0.005777
142536	0.000048
147869	0.000433
35789	0.013404
38169	0.000006
5321	0.000191
254987	0.000024
123659874	0.000124
2457896	0.000201
15289	0.000044
14569	0.005437
12369	0.041735
14569	0.005437
32145	0.001013
248657	0.000297
2586	0.002900
4569	0.004880
951478	0.000142
3298561	0.000002
58749	0.000018
245689	0.001702
6895	0.001230
1256987	0.000699
12489	0.000793
12357	0.006933
24869	0.003406
47896	0.001270
24863	0.001378
1478963	0.001815
78963	0.001957
278963	0.000248
1235	0.005208
1256987	0.000699
1598746	0.000080
2587	0.002314
14789	0.026286
2458	0.001756
123569	0.004001
2485	0.000615
12456	0.002115
74356	0.000025
3576	0.000213
2456	0.004626
12357	0.006933
1254789	0.001412
2589	0.009541
123587	0.000602
8524379	0.000024
7584	0.000029
125478963	0.000282
14789	0.026286
2589	0.009541
1234569	0.000934
768941	0.000000
52369	0.000925
6589	0.002987
35789	0.013404
32458	0.000092
2435789	0.000756
1537896	0.000040
1243589	0.000045
1268	0.000714
3214569	0.001352
47895	0.000526
123586	0.001012
14869	0.001350
1245689	0.000826
1235746	0.000257
1258963	0.001034
987536	0.000653
147869	0.000433
24563	0.001399
4357861	0.000002
12369	0.041735
3561248	0.000006
3589	0.001846
147589	0.000749
435789	0.000427
25861	0.000311
32569	0.001066
12357	0.006933
3214569	0.001352
142635789	0.000027
12785	0.000023
1257	0.000319
123569	0.004001
12345896	0.000086
145789	0.001216
4786	0.000208
34589	0.000188
147895	0.001544
1235478	0.000710
1425689	0.000166
741263	0.000016
1258	0.004995
26845	0.000028
785236	0.000043
5789614	0.000001
124536	0.000109
1478	0.006989
14789	0.026286
12369	0.041735
234561	0.000007
14789	0.026286
852369	0.001711
1235496	0.000144
5789	0.004192
24589	0.002350
357896	0.003381
2458963	0.000357
236987415	0.000147
426987	0.000084
7869	0.000213
65789	0.001618
123578	0.005047
12369	0.041735
2569	0.006074
1236	0.015388
125863	0.000825
12356987	0.000617
12358	0.001864
12586347	0.000023
3896	0.000325
42589	0.001253
3569	0.002492
123569847	0.000031
1235789	0.019693
12365	0.002859
12963458	0.000002
12369	0.041735
85412369	0.000024
14789632	0.001324
1263	0.000578
1478	0.006989
12369	0.041735
1236547	0.000573
21456	0.000307
321456	0.000897
12589	0.006738
32158	0.000088
124789	0.000872
35741	0.000308
2485	0.000615
5478	0.000489
1478952	0.000052
12369	0.041735
895164	0.000000
9854721	0.000003
53269	0.000002
1478	0.006989
123654789	0.003970
12357896	0.005570
2758614	0.000001
3589	0.001846
9278	0.000041
147569	0.000253
847536	0.000058
2584197	0.000005
23654789	0.000462
145369	0.000425
4295	0.000084
12357896	0.005570
65789	0.001618
9578	0.000286
74258	0.000235
12357	0.006933
23657	0.000056
123654789	0.003970
12369	0.041735
32147895	0.000358
4123589	0.000051
1538	0.000253
24563	0.001399
32586	0.000561
3698	0.002367
35789	0.013404
345768	0.000002
14789	0.026286
95214786	0.000003
6542789	0.000049
741236	0.000444
24561	0.000384
1236	0.015388
12369	0.041735
125789	0.000902
1234	0.002013
35869	0.000567
2486513	0.000004
35789	0.013404
56987	0.001708
1235	0.005208
2489	0.001785
12369	0.041735
1236589	0.002644
12569	0.004768
12369	0.041735
35896	0.000454
24568	0.000821
23658	0.000201
24563	0.001399
12369	0.041735
1425896	0.000116
753698	0.000714
42587	0.000427
12365	0.002859
25869	0.002318
1485236	0.000030
142589	0.000885
12365789	0.001589
2486	0.004321
7523698	0.000112
86159	0.000051
56183	0.000327
53289	0.000018
24863	0.001378
1258693	0.000096
147895	0.001544
25369	0.001376
4569	0.004880
2569	0.006074
2357	0.000864
14789	0.026286
3214789	0.005185
1236987	0.004795
24389	0.000069
1236	0.015388
2147	0.000477
2569	0.006074
2486953	0.000004
1569	0.000763
245618379	0.000574
12357896	0.005570
7896	0.003549
96357	0.000068
1456389	0.000032
123654789	0.003970
15369	0.002512
84125	0.000040
1456328	0.000102
12369875	0.001249
75928463	0.000000
2587	0.002314
3578962	0.000136
123547	0.000564
142683	0.000043
7452689	0.000004
689457	0.000016
12345	0.000699
123495	0.000293
2456	0.004626
14789	0.026286
2587461	0.000008
1456789	0.000114
123574	0.001541
4789	0.010746
14789	0.026286
123659	0.000762
24569	0.006535
56987	0.001708
2951	0.000023
12357896	0.005570
23576	0.000040
3269	0.000110
1478	0.006989
49276	0.000001
24569	0.006535
369841	0.000017
3214789	0.005185
5891	0.000231
51472963	0.000002
25789	0.001199
58746321	0.000005
12347586	0.000012
12365478	0.000747
35789126	0.000008
26183	0.000085
12456	0.002115
1456	0.003829
12456	0.002115
12369874	0.001745
2487	0.000994
1235689	0.001042
35789	0.013404
321486	0.000462
253789	0.000090
6589	0.002987
123574	0.001541
236589	0.000344
123654789	0.003970
14789	0.026286
123698745	0.001551
741235	0.000424
24357	0.000268
2569	0.006074
35896	0.000454
47569	0.000084
1236987	0.004795
36789	0.000088
123658	0.001490
123547896	0.000943
1475369	0.000933
35741286	0.000013
2561839	0.000118
14875369	0.000026
859741236	0.000005
14275963	0.000010
896321547	0.000002
12357	0.006933
5369	0.000942
6589	0.002987
6589	0.002987
427569	0.000019
12357	0.006933
1245698	0.000356
86547239	0.000001
7689	0.000304
1235789	0.019693
9852673	0.000002
25837	0.000060
75693	0.000021
1478	0.006989
12369	0.041735
12456	0.002115
12485	0.000297
325684	0.000006
32689	0.000144
9876321	0.000005
1532	0.001598
456178	0.000039
12368	0.000423
123698745	0.001551
123698745	0.001551
8569	0.001120
1235789	0.019693
7425869	0.000082
1478963	0.001815
14563	0.000681
1235689	0.001042
25369	0.001376
12369	0.041735
123587	0.000602
145789632	0.000133
7569	0.000676
1256	0.003340
789654123	0.000081
2589	0.009541
14753	0.000622
98741532	0.000162
12356	0.002669
6895147	0.000077
1236	0.015388
12365	0.002859
425369	0.000189
2589	0.009541
2569	0.006074
9658	0.000082
5632	0.000279
12486	0.002068
215987	0.000043
7896	0.003549
12365	0.002859
6245	0.000018
125369874	0.000106
123698	0.004315
5234	0.000059
3256	0.000723
54789	0.001883
24569	0.006535
123658	0.001490
486357	0.000020
14869	0.001350
1235789	0.019693
7534126	0.000002
25894	0.000090
1236	0.015388
45698	0.000528
12356	0.002669
589467123	0.000002
15963	0.001457
12369	0.041735
578963	0.000304
12369	0.041735
14869	0.001350
3214759	0.000116
123698	0.004315
32486	0.000292
12359478	0.000021
1236987	0.004795
32569	0.001066
3698	0.002367
65874123	0.000128
753214	0.000387
123598746	0.000066
254789	0.001695
12369	0.041735
3561874	0.000023
7894356	0.000028
12586	0.002155
123654789	0.003970
2589	0.009541
41236	0.000268
1236	0.015388
452369	0.000290
15369	0.002512
123587	0.000602
125874	0.000656
12753	0.000062
125896	0.000827
985214	0.000011
12369	0.041735
5789	0.004192
3258	0.001140
45687	0.000153
12369	0.041735
12369	0.041735
53864	0.000005
12369	0.041735
12357896	0.005570
2147	0.000477
1253	0.000670
12583	0.000277
14789	0.026286
23694	0.000017
1458379	0.000079
12369	0.041735
1258	0.004995
1258963	0.001034
6895	0.001230
14789	0.026286
68753	0.000035
4568	0.000593
35789	0.013404
1247856	0.000010
235789	0.002374
12456	0.002115
6893	0.000329
1489	0.000680
1258	0.004995
2768	0.000116
2136	0.000030
235789	0.002374
4258679	0.000004
152369	0.000499
2487	0.000994
12589	0.006738
2486317	0.000039
45869	0.000453
1258	0.004995
147896	0.003145
8412357	0.000215
12453698	0.000037
7456	0.000464
4569	0.004880
87532	0.000038
25687	0.000131
3574196	0.000012
321475689	0.000040
1235	0.005208
24963	0.000074
12365	0.002859
145789	0.001216
36987542	0.000006
12369	0.041735
35789	0.013404
347896	0.000088
4789	0.010746
7415369	0.000342
235789	0.002374
248157	0.000005
853692	0.000001
6541238	0.000021
1258	0.004995
258746	0.000053
1236587	0.000497
12357896	0.005570
52389	0.000005
123578	0.005047
753698241	0.000008
6547891	0.000104
14586	0.000599
1236	0.015388
12587	0.001589
2456987	0.001530
1235789	0.019693
2456	0.004626
78963	0.001957
1478965	0.000421
142589	0.000885
1235789	0.019693
3258	0.001140
1254789	0.001412
123659	0.000762
12369	0.041735
35789	0.013404
47895	0.000526
38654	0.000013
12569	0.004768
4236	0.000211
6589	0.002987
12369	0.041735
1236	0.015388
7258	0.000058
145789	0.001216
32167	0.000014
2369	0.005777
12369	0.041735
12369	0.041735
569874123	0.000467
12456	0.002115
4789	0.010746
145689	0.001421
5194678	0.000003
1258	0.004995
8495	0.000113
74869	0.000347
1536984	0.000010
125769	0.000021
15987	0.001358
218369	0.000026
987425	0.000068
852147369	0.000008
9258	0.000025
256983741	0.000015
32147	0.001168
245689	0.001702
24569	0.006535
1235789	0.019693
7536	0.000932
14789	0.026286
2569	0.006074
5689	0.001282
2369	0.005777
12458379	0.000049
42789	0.000528
1532689	0.000020
25786	0.000025
85469	0.000008
3698	0.002367
14789	0.026286
1532	0.001598
2357896	0.000652
24598	0.000039
12369	0.041735
86235741	0.000001
256381	0.000003
683974125	0.000002
63214589	0.000055
25863	0.000971
4789	0.010746
4278519	0.000001
3258	0.001140
354789	0.001633
15987	0.001358
12587	0.001589
3549	0.000098
3654	0.000241
1236987	0.004795
45329	0.000001
1236	0.015388
12369	0.041735
51489	0.000021
1236589	0.002644
2475369	0.000103
1536	0.000906
7523	0.000054
5369	0.000942
12369	0.041735
753698	0.000714
24589	0.002350
1236	0.015388
8369	0.000320
245387	0.000036
345618	0.000031
98745	0.000185
123589	0.002515
15963	0.001457
123568	0.000484
12357	0.006933
542198	0.000000
568291	0.000004
1236	0.015388
1236789	0.000498
1235769	0.000514
12369	0.041735
1236549	0.000350
125369	0.001003
123578	0.005047
2489	0.001785
3596	0.001130
32159	0.000731
1236	0.015388
24569	0.006535
124879	0.000110
2369	0.005777
12547	0.000283
2563	0.001216
2486	0.004321
14789	0.026286
1456	0.003829
47563	0.000011
4589	0.001859
142569	0.000610
12369	0.041735
7589632	0.000064
4258	0.000936
7536982	0.000113
4895	0.000027
12569843	0.000005
35478	0.000424
475369	0.000345
59874321	0.000001
7456	0.000464
14568	0.000664
987412365	0.000319
843569	0.000030
74562318	0.000000
1235789	0.019693
123654789	0.003970
852369	0.001711
1487	0.000387
3658	0.000288
3214589	0.000385
8695	0.000338
9852736	0.000001
2563	0.001216
142568	0.000077
7415328	0.000043
1532	0.001598
586123497	0.000001
1563	0.000092
1254789	0.001412
1475369	0.000933
142758	0.000032
7412	0.000085
124863	0.000748
1478962	0.000168
2789	0.002152
12369	0.041735
12456	0.002115
1235	0.005208
9635	0.000048
6394258	0.000003
145637289	0.000002
14532869	0.000011
369842	0.000001
1235	0.005208
2359167	0.000000
2589	0.009541
1234968	0.000004
12569	0.004768
14263	0.000192
3214789	0.005185
12369	0.041735
14789	0.026286
7452369	0.000041
8562	0.000037
15963	0.001457
123568	0.000484
14869	0.001350
2589	0.009541
6894	0.000266
258694	0.000008
15789	0.001262
51478	0.000232
7569	0.000676
123578	0.005047
1472	0.000230
2483	0.000732
369874125	0.000417
4569	0.004880
145693	0.000167
2357	0.000864
56289	0.000064
125386	0.000084
1532	0.001598
35789	0.013404
14753	0.000622
24563	0.001399
3578	0.003549
2486	0.004321
14789	0.026286
12487	0.000458
12369	0.041735
1254789	0.001412
12365789	0.001589
49568	0.000004
5789	0.004192
1236589	0.002644
689741523	0.000005
5896321	0.000202
6895	0.001230
25689	0.001451
2369	0.005777
2563	0.001216
2369	0.005777
1235789	0.019693
12369	0.041735
123478	0.000131
1245863	0.000136
85234	0.000085
1235789	0.019693
5689	0.001282
58976214	0.000002
15369874	0.000138
2486	0.004321
78514	0.000007
4789	0.010746
1257	0.000319
12369854	0.000067
4258	0.000936
962145	0.000007
125894	0.000071
6874	0.000067
1235789	0.019693
2369	0.005777
14569	0.005437
8639745	0.000001
1263	0.000578
635789	0.000172
751236984	0.000002
24751	0.000005
1236	0.015388
5478	0.000489
12369	0.041735
2369	0.005777
3581	0.000007
5964	0.000065
2457896	0.000201
32145689	0.000387
1236985	0.001438
1235789	0.019693
47896321	0.000383
2145689	0.000120
4789	0.010746
14568	0.000664
32489716	0.000000
357689	0.000472
125896	0.000827
98745361	0.000001
1235689	0.001042
753698124	0.000012
1235789	0.019693
41236	0.000268
147896	0.003145
12536	0.000358
2458963	0.000357
7536	0.000932
12369	0.041735
5619278	0.000002
56982	0.000166
5789	0.004192
7486	0.000441
123698	0.004315
1253869	0.000073
3562487	0.000004
1258	0.004995
123698	0.004315
123569	0.004001
12357896	0.005570
35789	0.013404
123596	0.001463
321478569	0.000153
12569	0.004768
1236	0.015388
14587	0.000630
1235789	0.019693
14789	0.026286
57894	0.000044
9856	0.000177
516823	0.000000
147896	0.003145
145689	0.001421
35789	0.013404
2569	0.006074
1235	0.005208
147532	0.000702
2586	0.002900
1236987	0.004795
2589	0.009541
12369	0.041735
147895	0.001544
1256847	0.000054
12369578	0.000199
475693	0.000003
658742	0.000013
84569	0.000905
32147869	0.000118
2538	0.000137
1235	0.005208
21435789	0.000013
12458	0.000713
4569	0.004880
1478	0.006989
458791	0.000015
2761	0.000022
1234	0.002013
1235	0.005208
1236574	0.000109
12369874	0.001745
4269	0.000510
12369	0.041735
1236589	0.002644
852693	0.000007
1486	0.001736
8753	0.000078
7589632	0.000064
148632	0.000230
1426879	0.000012
38659	0.000009
36981	0.000033
14789	0.026286
124869	0.001630
123659	0.000762
12369	0.041735
1236	0.015388
2589	0.009541
2589	0.009541
12369	0.041735
84357	0.000150
1235689	0.001042
4257	0.000062
85742369	0.000004
3214789	0.005185
258791	0.000043
123589	0.002515
4561789	0.000198
123569	0.004001
12369	0.041735
987536	0.000653
47852	0.000118
1234	0.002013
125376	0.000015
12354789	0.002830
4789	0.010746
5698	0.001345
356789	0.000049
14789	0.026286
35619	0.000018
3214789	0.005185
1235689	0.001042
75369	0.002540
1478	0.006989
5789	0.004192
145689	0.001421
2458963	0.000357
147589	0.000749
4569	0.004880
142687	0.000053
2478	0.000539
6589	0.002987
2541	0.000277
35874	0.000060
123658	0.001490
24586	0.000738
12369	0.041735
25879	0.000521
1486	0.001736
2369	0.005777
142586	0.000294
2369	0.005777
12365	0.002859
325869	0.000479
7412369	0.001212
12369	0.041735
7415982	0.000042
61839	0.000086
25689	0.001451
124569	0.003036
1235789	0.019693
1478	0.006989
5861247	0.000002
12369	0.041735
1236	0.015388
2457	0.000546
357896	0.003381
321478	0.001373
18957236	0.000000
75369	0.002540
12357	0.006933
25693	0.000249
5478	0.000489
725469	0.000001
2456	0.004626
12357896	0.005570
1256	0.003340
654789	0.003369
1248639	0.000116
3698	0.002367
1475963	0.000073
14532	0.000314
7589	0.002242
1596328	0.000249
15329648	0.000000
12569	0.004768
25841	0.000157
24768	0.000004
24789	0.002037
657894	0.000023
357896	0.003381
4159	0.000359
123698745	0.001551
1235689	0.001042
1254369	0.000011
654789	0.003369
3895	0.000058
5619874	0.000002
12458	0.000713
3456	0.000379
3589	0.001846
123457896	0.000058
24569	0.006535
86321	0.000107
4159632	0.000079
753896	0.000066
145689	0.001421
32589	0.001496
1236584	0.000047
519278	0.000007
789654	0.000218
125863	0.000825
147852369	0.000641
14789	0.026286
1235486	0.000167
12369874	0.001745
32147896	0.001467
87412369	0.000107
123654789	0.003970
1235789	0.019693
214589	0.000143
123456897	0.000008
753214	0.000387
5896	0.001363
25789	0.001199
86549	0.000008
75864	0.000058
359182	0.000003
125896	0.000827
14753698	0.000298
5789	0.004192
6895	0.001230
14789	0.026286
1538	0.000253
35192	0.000002
12369	0.041735
4789	0.010746
53698	0.000102
65291478	0.000001
123578	0.005047
8471	0.000035
35789	0.013404
574263	0.000003
14789	0.026286
35768	0.000223
156987	0.000103
2569	0.006074
125879	0.000413
4258	0.000936
35789	0.013404
9874256	0.000149
2458	0.001756
15369	0.002512
2458	0.001756
27589	0.000220
2589	0.009541
1234569	0.000934
514236987	0.000012
24863	0.001378
38756	0.000004
357896	0.003381
12357	0.006933
4789	0.010746
32145	0.001013
123574	0.001541
12587469	0.000051
2456987	0.001530
14789	0.026286
12589	0.006738
145879	0.000163
12345	0.000699
34569	0.000556
75369	0.002540
2587	0.002314
2589	0.009541
78963	0.001957
254789	0.001695
2147	0.000477
12589	0.006738
475321	0.000196
4589	0.001859
2357	0.000864
4789	0.010746
8147	0.000051
159826	0.000009
1258963	0.001034
48657	0.000041
12453	0.000200
124563	0.000731
147869	0.000433
1245369	0.000306
24369	0.000168
245136	0.000012
2145689	0.000120
35786	0.000334
123569	0.004001
12357	0.006933
4789	0.010746
12369	0.041735
7896	0.003549
32148659	0.000024
7589	0.002242
1234569	0.000934
58741236	0.000065
1236	0.015388
1235789	0.019693
852369	0.001711
789536	0.000035
24586	0.000738
124789	0.000872
5278	0.000012
325789	0.000197
514789	0.000921
578963214	0.000172
14587263	0.000001
1256	0.003340
4569	0.004880
1478963	0.001815
2483	0.000732
1245869	0.000268
75384	0.000018
478523691	0.000004
3258	0.001140
4789	0.010746
2456	0.004626
23478	0.000018
4789	0.010746
123568974	0.000018
245693178	0.000036
14789	0.026286
5698	0.001345
12456	0.002115
1596	0.002564
258379	0.000338
789632145	0.000685
12369	0.041735
147896	0.003145
7895	0.001412
741256	0.000104
2689	0.001298
2369	0.005777
658423	0.000004
123495	0.000293
12369	0.041735
1235789	0.019693
12359	0.001715
4789	0.010746
123568	0.000484
84795	0.000007
258691	0.000032
14789	0.026286
12458	0.000713
789654	0.000218
2489	0.001785
14789	0.026286
2589	0.009541
253789	0.000090
147896	0.003145
2587	0.002314
1235689	0.001042
35698	0.000270
98741532	0.000162
1258	0.004995
12357896	0.005570
478962	0.000041
125869	0.001759
2569	0.006074
1457689	0.000049
123589	0.002515
14569	0.005437
12589	0.006738
123569	0.004001
124587	0.000340
32945	0.000003
12563	0.001063
12369	0.041735
2589	0.009541
1234	0.002013
14865	0.000186
15987	0.001358
12354789	0.002830
153478	0.000011
5426789	0.000001
142587	0.000307
4569	0.004880
78963214	0.000120
125369	0.001003
24836	0.000058
245879	0.000187
1256	0.003340
4587	0.000623
14789	0.026286
7536	0.000932
248759	0.000018
123654789	0.003970
1478	0.006989
547896321	0.000137
32147586	0.000129
98741265	0.000009
7852369	0.000165
14789	0.026286
4596321	0.000032
125789	0.000902
7415386	0.000035
12354789	0.002830
74863	0.000084
327896	0.000041
214789	0.002110
4789	0.010746
1236	0.015388
24569378	0.000020
35867294	0.000000
24536	0.000262
1235789	0.019693
124895	0.000044
4789	0.010746
245789	0.001531
12369857	0.000111
14258	0.000643
1235	0.005208
12369	0.041735
145369	0.000425
12369	0.041735
123695	0.001423
1456987	0.001249
34952178	0.000000
214569	0.000441
145632	0.000609
35789	0.013404
14789	0.026286
897546	0.000000
1236549	0.000350
125874	0.000656
752634	0.000001
12369	0.041735
14789	0.026286
145623	0.000051
4589	0.001859
1236	0.015388
41235789	0.000419
852147	0.000535
123698	0.004315
34589	0.000188
14789	0.026286
24863	0.001378
357896	0.003381
42589	0.001253
7412369	0.001212
36185	0.000005
1235894	0.000030
1235789	0.019693
12369	0.041735
1596	0.002564
14789	0.026286
12369	0.041735
7492	0.000069
7896321	0.000360
987536	0.000653
2438159	0.000002
32147896	0.001467
7456183	0.000100
5614789	0.000048
741236	0.000444
478321	0.000004
3214578	0.000063
951478	0.000142
14569	0.005437
235987	0.000045
12589	0.006738
25789	0.001199
8456	0.000486
14569	0.005437
12456937	0.000009
32587	0.000368
125789	0.000902
24563	0.001399
7896	0.003549
1256	0.003340
9874256	0.000149
1236	0.015388
45789621	0.000007
12356987	0.000617
147896	0.003145
24536	0.000262
324869	0.000246
12357	0.006933
321478	0.001373
685123	0.000006
53698124	0.000000
321458	0.000280
456879	0.000032
6321	0.000368
247859	0.000019
2435	0.000191
1236985	0.001438
123698	0.004315
35789	0.013404
21475	0.000069
1236	0.015388
214589	0.000143
125896	0.000827
25689	0.001451
4268591	0.000002
1236	0.015388
2589	0.009541
2586	0.002900
1569	0.000763
2458	0.001756
324516	0.000002
1236	0.015388
45879	0.000140
12357869	0.000480
14789	0.026286
2589	0.009541
34589	0.000188
15963478	0.000044
74569	0.000649
1235789	0.019693
1269	0.001093
123568	0.000484
24569	0.006535
4789	0.010746
4789	0.010746
5789	0.004192
2458	0.001756
1452	0.000320
24569	0.006535
12365478	0.000747
356987	0.000349
354789	0.001633
123596	0.001463
26357	0.000023
8693	0.000353
15963248	0.000106
258769	0.000053
142589	0.000885
52369	0.000925
32768549	0.000000
5789	0.004192
36951478	0.000038
35789	0.013404
24863	0.001378
12963	0.000089
24569	0.006535
143576	0.000003
58632147	0.000135
841536	0.000027
12369	0.041735
1258	0.004995
12369	0.041735
214789	0.002110
147896	0.003145
8547	0.000232
4357	0.000153
2458	0.001756
12586	0.002155
15326789	0.000002
1238	0.000316
5863	0.000317
5789	0.004192
6897	0.000228
15963	0.001457
14785	0.000737
214786	0.000045
354789	0.001633
4258	0.000936
12369	0.041735
75369	0.002540
321456987	0.000364
8456	0.000486
689523471	0.000002
1426	0.000307
147896325	0.001072
14869	0.001350
536289	0.000004
32587	0.000368
2587	0.002314
672589	0.000028
856973421	0.000000
1235789	0.019693
24563	0.001399
12589	0.006738
12369	0.041735
3578	0.003549
35789	0.013404
2456319	0.000023
3214569	0.001352
753289	0.000055
417258	0.000003
124578	0.000163
12369874	0.001745
1236589	0.002644
15963	0.001457
1635879	0.000000
4569	0.004880
14586	0.000599
1236	0.015388
75369	0.002540
124789635	0.000036
21478	0.000559
36987	0.002589
5879	0.000354
12369	0.041735
12569	0.004768
987536	0.000653
741598	0.000266
8475369	0.000218
4789	0.010746
153689	0.000057
12359874	0.000199
35789	0.013404
514789	0.000921
24869	0.003406
1298754	0.000000
25863	0.000971
1236	0.015388
24589	0.002350
753698	0.000714
753896	0.000066
45321	0.000199
42987	0.000056
123596478	0.000042
5789	0.004192
123578	0.005047
74123589	0.000254
14789	0.026286
3214869	0.000388
123495	0.000293
35786	0.000334
4789	0.010746
123654789	0.003970
12369	0.041735
14783	0.000116
147895	0.001544
9536	0.000050
354789	0.001633
357896	0.003381
32145689	0.000387
1236	0.015388
3698	0.002367
4578	0.000294
12354789	0.002830
15478963	0.000019
2453698	0.000086
14569	0.005437
386547	0.000029
32569	0.001066
123578	0.005047
85296	0.000011
25837	0.000060
245369	0.000725
12568379	0.000058
1248659	0.000095
12789	0.000486
3869	0.000425
753698	0.000714
15789632	0.000095
589463	0.000005
1592368	0.000005
1236987	0.004795
1256987	0.000699
7589	0.002242
1478963	0.001815
123578	0.005047
2357896	0.000652
124569837	0.000024
4569	0.004880
1475896	0.000096
12369	0.041735
8412369	0.000348
3654789	0.000616
4596	0.000085
4869	0.000518
14875963	0.000002
14789632	0.001324
3214789	0.005185
12486	0.002068
12457896	0.000087
12569	0.004768
2596	0.000086
24569	0.006535
1425869	0.000241
14269	0.000339
789632	0.000616
145698	0.000597
14789	0.026286
123698457	0.000090
123698	0.004315
514789	0.000921
243896	0.000018
5698741	0.000225
2475698	0.000006
2456	0.004626
32561	0.000080
245869	0.000594
1478	0.006989
5689	0.001282
1235789	0.019693
1256987	0.000699
354789	0.001633
126874	0.000035
123654789	0.003970
6745389	0.000000
124863	0.000748
2586	0.002900
12365847	0.000061
425987	0.000008
25867	0.000021
125869	0.001759
4789	0.010746
12369	0.041735
45961837	0.000001
12769	0.000044
12369	0.041735
1268	0.000714
24569	0.006535
24869	0.003406
78963	0.001957
14789	0.026286
123578	0.005047
354789	0.001633
14589	0.001850
123698	0.004315
2486	0.004321
12369	0.041735
12357	0.006933
1258	0.004995
1258	0.004995
2761839	0.000011
9634512	0.000001
1236589	0.002644
7416	0.000095
25698	0.000678
125874369	0.000029
256987	0.000877
1254	0.000702
254789	0.001695
248596	0.000050
751236984	0.000002
6845	0.000081
14896357	0.000011
14789	0.026286
7896	0.003549
2583741	0.000029
658379	0.000092
12369	0.041735
14789	0.026286
24569	0.006535
12369875	0.001249
2569	0.006074
3596287	0.000008
258741369	0.000068
58963	0.000812
123654789	0.003970
75321486	0.000225
123547896	0.000943
1236547	0.000573
8512369	0.000093
7894	0.000364
35789	0.013404
45698	0.000528
24569	0.006535
4789	0.010746
25869	0.002318
1426895	0.000028
147896	0.003145
14753698	0.000298
258963	0.001239
7896	0.003549
14569	0.005437
24589	0.002350
742689	0.000158
86954	0.000004
2478	0.000539
32589	0.001496
1235789	0.019693
1275	0.000061
1236589	0.002644
35428761	0.000000
1236789	0.000498
12483	0.000350
75321	0.000470
257896341	0.000003
4536987	0.000091
125689	0.001188
12365789	0.001589
35789	0.013404
142586	0.000294
12357	0.006933
85236	0.000457
24563	0.001399
1236	0.015388
3256789	0.000024
789654	0.000218
1295	0.000166
24863	0.001378
12689	0.001402
15389	0.000242
2369	0.005777
1256843	0.000007
1425	0.000406
1258963	0.001034
1478	0.006989
7569	0.000676
8457	0.000175
5689	0.001282
7569	0.000676
32185	0.000032
1258963	0.001034
4569	0.004880
35789	0.013404
741256	0.000104
741235	0.000424
1245	0.002686
14569	0.005437
12456	0.002115
74159	0.000616
45236	0.000105
14789	0.026286
124568	0.000384
321456	0.000897
7483	0.000070
14789	0.026286
12369	0.041735
1235789	0.019693
12359	0.001715
147896325	0.001072
354789	0.001633
14789	0.026286
3692785	0.000006
1486	0.001736
12486357	0.000141
1235896	0.000690
3569	0.002492
274159	0.000023
987426	0.000061
7486	0.000441
65478	0.000681
12589	0.006738
9521438	0.000000
34587	0.000064
356981472	0.000001
1478	0.006989
654789	0.003369
12357896	0.005570
1236	0.015388
32456987	0.000095
7486	0.000441
1425369	0.000135
124569	0.003036
1456	0.003829
24869	0.003406
74125698	0.000052
245689	0.001702
15789	0.001262
1236	0.015388
24578	0.000396
147896	0.003145
147589	0.000749
3561874	0.000023
2758	0.000164
12356	0.002669
214785	0.000107
3587	0.000450
98742561	0.000058
3874	0.000027
1596	0.002564
3214789	0.005185
32586	0.000561
12486	0.002068
142356	0.000029
4568	0.000593
2583	0.000390
16325487	0.000000
852369	0.001711
2586	0.002900
1478	0.006989
3214869	0.000388
78963	0.001957
4789	0.010746
58769	0.000033
32587	0.000368
3598	0.000241
35869	0.000567
5473	0.000015
1456	0.003829
8452369	0.000056
5896	0.001363
12365987	0.000181
1425789	0.000125
357896	0.003381
756289	0.000011
1456	0.003829
95684	0.000001
4758	0.000201
4789	0.010746
32148596	0.000013
15284379	0.000000
12357	0.006933
24563187	0.000009
142536	0.000048
36987	0.002589
12365	0.002859
98756123	0.000006
5486	0.000073
125879	0.000413
14789	0.026286
1458379	0.000079
1236	0.015388
12369	0.041735
51639	0.000007
14785	0.000737
245789	0.001531
27895	0.000110
2561837	0.000073
12587	0.001589
35789	0.013404
14789	0.026286
35428769	0.000000
25879	0.000521
47896321	0.000383
2569	0.006074
1236789	0.000498
123659874	0.000124
14789	0.026286
12369	0.041735
23578916	0.000010
123654789	0.003970
1486	0.001736
84356179	0.000002
357896	0.003381
125378	0.000017
3214758	0.000217
32145	0.001013
258963	0.001239
25698	0.000678
2789	0.002152
2369	0.005777
321596	0.000623
12369	0.041735
3578	0.003549
2583769	0.000039
12369	0.041735
2689	0.001298
2458	0.001756
14569	0.005437
12589	0.006738
2147863	0.000016
153278964	0.000001
12356	0.002669
1456	0.003829
1258963	0.001034
1257	0.000319
65879	0.000119
12486	0.002068
12536	0.000358
14789	0.026286
65789	0.001618
2456	0.004626
1235786	0.000542
652431	0.000000
2586	0.002900
3547896	0.000476
35769	0.000296
123695	0.001423
1236985	0.001438
14569	0.005437
1236749	0.000007
3578	0.003549
254789	0.001695
74158	0.000084
12369	0.041735
357896	0.003381
1236	0.015388
12369	0.041735
1478963	0.001815
1236	0.015388
2369	0.005777
124569	0.003036
1478	0.006989
563214789	0.000238
785632	0.000004
4169	0.000022
758963214	0.000092
2698	0.000237
74869	0.000347
14569	0.005437
2356184	0.000010
12369	0.041735
14569	0.005437
5891	0.000231
369875142	0.000023
1235789	0.019693
123654789	0.003970
12357	0.006933
25689	0.001451
34968	0.000003
56932	0.000097
2489	0.001785
36987	0.002589
1258	0.004995
45837	0.000012
1235789	0.019693
42589	0.001253
25869	0.002318
4789	0.010746
4987536	0.000006
24569	0.006535
58741	0.000173
745321	0.000035
1456289	0.000114
47569	0.000084
745689	0.000183
123547	0.000564
85269	0.000157
14785369	0.000064
147895	0.001544
14869	0.001350
125789	0.000902
25896347	0.000043
98745	0.000185
4789	0.010746
2358	0.000231
35786	0.000334
2589	0.009541
12369	0.041735
1452369	0.000362
32789	0.000148
84357	0.000150
4863	0.000127
2435689	0.000035
1592478	0.000006
7598	0.000401
7456381	0.000000
532147	0.000037
12369874	0.001745
75321486	0.000225
35476	0.000003
123569	0.004001
2541	0.000277
32569	0.001066
3214789	0.005185
21478965	0.000042
7896321	0.000360
1258743	0.000036
42369	0.000575
2589	0.009541
52863	0.000013
74861	0.000063
2689	0.001298
578963	0.000304
65423	0.000072
789514263	0.000024
35896	0.000454
1234	0.002013
35789	0.013404
1254789	0.001412
2547	0.000351
236987	0.000654
14569	0.005437
1589	0.000881
32147568	0.000018
2587	0.002314
4789	0.010746
258963	0.001239
6589	0.002987
4789	0.010746
53789	0.000057
1453869	0.000032
6834	0.000029
6589	0.002987
14789632	0.001324
14789	0.026286
41236	0.000268
54789	0.001883
1472683	0.000005
1478	0.006989
6587	0.000582
3654	0.000241
2581	0.000038
41235789	0.000419
1236985	0.001438
24563	0.001399
1236	0.015388
2589	0.009541
9874123	0.000049
92741536	0.000001
6895	0.001230
2489	0.001785
21458963	0.000026
14587	0.000630
147589	0.000749
6589	0.002987
14869	0.001350
74125863	0.000037
3214589	0.000385
7415689	0.000025
6587	0.000582
4789	0.010746
147896	0.003145
14568	0.000664
258379	0.000338
1243578	0.000093
42713	0.000009
2147685	0.000001
4758	0.000201
1236589	0.002644
1235789	0.019693
4569821	0.000011
2569873	0.000016
3869	0.000425
14569	0.005437
8569	0.001120
8369	0.000320
8159632	0.000011
589632147	0.000416
12365489	0.000210
2583147	0.000012
68523	0.000109
4789	0.010746
32561	0.000080
78963	0.001957
2561839	0.000118
24576389	0.000000
24587	0.000802
12369874	0.001745
95678	0.000002
4789	0.010746
2638	0.000024
3578296	0.000004
12365897	0.000030
1235789	0.019693
1235789	0.019693
123659	0.000762
45789	0.001133
4789	0.010746
1475236	0.000060
1236987	0.004795
65843	0.000003
12369	0.041735
9874236	0.000031
1245789	0.000650
123698754	0.000250
12547	0.000283
2586	0.002900
1235	0.005208
52147869	0.000006
12369	0.041735
32147896	0.001467
1456987	0.001249
4561	0.000300
1234	0.002013
25689	0.001451
24568	0.000821
16879	0.000003
789632154	0.000042
4586	0.000571
12369	0.041735
8159	0.000049
456321	0.000372
24869	0.003406
274568	0.000002
14256987	0.000154
1236	0.015388
25789	0.001199
14789	0.026286
14789	0.026286
6598741	0.000035
12347896	0.000140
124863579	0.000031
2589763	0.000008
123578	0.005047
2486	0.004321
14758	0.000535
14789	0.026286
12586	0.002155
1596	0.002564
123547896	0.000943
12357	0.006933
2589	0.009541
9578	0.000286
2495	0.000196
145879	0.000163
35789	0.013404
836547	0.000023
124869	0.001630
14789	0.026286
124589	0.000982
1478	0.006989
7896	0.003549
15987	0.001358
1596	0.002564
321478	0.001373
1236	0.015388
6573489	0.000000
123698	0.004315
123685	0.000108
2456183	0.000404
2456	0.004626
1268	0.000714
14532	0.000314
5618372	0.000009
245869	0.000594
86321457	0.000020
72145	0.000010
12357896	0.005570
7412369	0.001212
3214	0.001122
125869	0.001759
45869	0.000453
14758	0.000535
35789	0.013404
2586	0.002900
12369	0.041735
12369	0.041735
3214789	0.005185
12369	0.041735
78963	0.001957
58679	0.000014
1269	0.001093
12458963	0.000179
24856	0.000113
14753	0.000622
5698	0.001345
2365	0.000389
1478	0.006989
24963578	0.000012
256987	0.000877
16752	0.000001
3214789	0.005185
1475	0.000806
3214	0.001122
84123596	0.000017
1475963	0.000073
1235789	0.019693
245639	0.000218
1235864	0.000096
145896	0.000233
84236	0.000006
12369	0.041735
741569	0.000084
3654789	0.000616
4123569	0.000078
5789	0.004192
74356182	0.000002
145869	0.000485
32147896	0.001467
123698	0.004315
2369	0.005777
12689	0.001402
4753862	0.000001
6547891	0.000104
698741235	0.000035
2457	0.000546
1236	0.015388
123578	0.005047
7425869	0.000082
15369	0.002512
26853	0.000015
14789	0.026286
6523489	0.000004
1478	0.006989
42317896	0.000000
1236	0.015388
5369	0.000942
568379	0.000048
12369	0.041735
12369	0.041735
235789	0.002374
2357	0.000864
1248639	0.000116
14569	0.005437
12369	0.041735
357896	0.003381
35874261	0.000003
2547896	0.000223
32147586	0.000129
12365	0.002859
12369	0.041735
124568	0.000384
1472586	0.000054
142586	0.000294
2489	0.001785
23569	0.000427
4561789	0.000198
41235789	0.000419
2456	0.004626
1236985	0.001438
6589	0.002987
2589	0.009541
32147869	0.000118
123698547	0.000253
32569	0.001066
4789	0.010746
126895	0.000078
142687	0.000053
14587	0.000630
47896	0.001270
147569	0.000253
4563	0.000621
6759	0.000008
12486	0.002068
674123589	0.000008
1235	0.005208
987412563	0.000063
123495	0.000293
47896213	0.000002
2456789	0.000133
21486	0.000143
2369	0.005777
1235789	0.019693
34561789	0.000024
2486	0.004321
2456	0.004626
214789	0.002110
1256	0.003340
32147869	0.000118
2486179	0.000214
4569	0.004880
245689	0.001702
147896325	0.001072
12365478	0.000747
1256	0.003340
1235689	0.001042
27456183	0.000003
42689	0.000695
2489	0.001785
4569321	0.000072
345896	0.000053
12369	0.041735
12369	0.041735
256987	0.000877
3258964	0.000052
523698	0.000107
24869	0.003406
2589	0.009541
75369	0.002540
147536982	0.000066
14562879	0.000018
14789	0.026286
2485	0.000615
12357689	0.000896
147532869	0.000032
42598	0.000004
14987	0.000040
14568	0.000664
125478963	0.000282
845632179	0.000008
4789	0.010746
574326189	0.000000
1456	0.003829
596483	0.000001
1235789	0.019693
14275389	0.000010
12369	0.041735
2785	0.000094
147852	0.000382
852369	0.001711
45987	0.000066
12365478	0.000747
6589	0.002987
24869	0.003406
14753	0.000622
45896	0.000231
1483652	0.000002
153248	0.000023
65891	0.000069
35789	0.013404
425619	0.000006
2456	0.004626
56987432	0.000005
92678	0.000003
12369	0.041735
24869	0.003406
14725689	0.000030
534612	0.000000
14789	0.026286
84569	0.000905
25689	0.001451
3578916	0.000038
7896325	0.000204
145698	0.000597
1245689	0.000826
1245689	0.000826
12589	0.006738
514789	0.000921
32569	0.001066
14563	0.000681
41236987	0.000132
896321457	0.000010
123569	0.004001
451863	0.000001
1458379	0.000079
8521473	0.000031
47896	0.001270
124569	0.003036
2459	0.000227
985236	0.000327
1537	0.000175
12359	0.001715
357896	0.003381
7683	0.000021
1235478	0.000710
47869	0.000164
456328	0.000034
2486	0.004321
1235789	0.019693
12365	0.002859
258693	0.000104
59168	0.000002
243586	0.000036
14569	0.005437
123549	0.000231
12369874	0.001745
249536	0.000005
123596	0.001463
12357869	0.000480
14789	0.026286
354169	0.000002
248513	0.000008
1586	0.000275
1236	0.015388
142563789	0.000006
758243	0.000001
4258	0.000936
123869	0.000198
4258963	0.000190
126874	0.000035
12369	0.041735
36985	0.000296
14567	0.000035
59816	0.000001
12589	0.006738
56183	0.000327
14789	0.026286
412569	0.000085
65218379	0.000001
12369	0.041735
123698745	0.001551
1235789	0.019693
14789	0.026286
123654789	0.003970
321457896	0.000084
4569	0.004880
35789	0.013404
12356	0.002669
125689	0.001188
12357896	0.005570
1236	0.015388
12369	0.041735
248561739	0.000001
2589	0.009541
9586	0.000082
24561	0.000384
14789	0.026286
74512369	0.000016
9874265	0.000033
235891	0.000007
2564	0.000074
1456	0.003829
1486	0.001736
12369	0.041735
4236	0.000211
36981245	0.000007
2587	0.002314
42587	0.000427
12569	0.004768
12369	0.041735
12369874	0.001745
852761	0.000006
14789265	0.000006
12357896	0.005570
65789	0.001618
32147	0.001168
153698	0.000276
1235789	0.019693
1236589	0.002644
275369	0.000369
1235789	0.019693
2568	0.000718
12369	0.041735
32158	0.000088
15786	0.000027
4896	0.000072
68345	0.000031
812369	0.000053
5891	0.000231
1234	0.002013
1236	0.015388
569874123	0.000467
785236	0.000043
1236589	0.002644
984563	0.000009
235769	0.000056
1235789	0.019693
1489	0.000680
123578964	0.000995
1236	0.015388
78963	0.001957
14563	0.000681
5896	0.001363
356294	0.000002
145298	0.000004
56987	0.001708
14789	0.026286
256137	0.000023
759183246	0.000000
1478	0.006989
321475	0.000310
2153	0.000087
15789	0.001262
32156	0.000081
1236547	0.000573
24789	0.002037
1236589	0.002644
6983	0.000019
7536	0.000932
4156	0.000034
12546389	0.000002
14789	0.026286
74159	0.000616
63814257	0.000000
452369	0.000290
851472369	0.000008
43596	0.000030
3214785	0.000290
1532	0.001598
4561832	0.000063
15236987	0.000077
369874125	0.000417
3569	0.002492
2357814	0.000003
789634	0.000065
2435789	0.000756
126789	0.000130
24789	0.002037
12483	0.000350
52369	0.000925
123596	0.001463
7563	0.000085
1236	0.015388
4789	0.010746
147896325	0.001072
8635741	0.000005
47569	0.000084
245369	0.000725
12589	0.006738
74123589	0.000254
8412356	0.000025
32569	0.001066
12345689	0.000267
9635	0.000048
12369	0.041735
56987	0.001708
1235769	0.000514
35769	0.000296
5321	0.000191
1472569	0.000097
24569	0.006535
8547	0.000232
1478	0.006989
578963	0.000304
2369	0.005777
78961	0.000072
35789	0.013404
9632	0.000727
14789	0.026286
1489	0.000680
14789	0.026286
2369	0.005777
125469	0.000041
42569	0.000776
2458	0.001756
324568	0.000049
24569	0.006535
26987	0.000263
2486179	0.000214
12589	0.006738
8456	0.000486
1236	0.015388
1478	0.006989
235879	0.000017
148632	0.000230
123586	0.001012
3258	0.001140
1429	0.000077
123578964	0.000995
1236987	0.004795
12357	0.006933
5874	0.000214
4789	0.010746
425879	0.000099
357896	0.003381
1236987	0.004795
25369	0.001376
126789	0.000130
12358	0.001864
24753861	0.000002
6385	0.000005
123574	0.001541
12365789	0.001589
1234	0.002013
123596	0.001463
7894	0.000364
654789	0.003369
3698	0.002367
685321974	0.000000
12369	0.041735
24569	0.006535
14563	0.000681
1269	0.001093
3258	0.001140
2695	0.000066
1456	0.003829
14263	0.000192
7582	0.000024
12369	0.041735
8596	0.000321
56724819	0.000000
2135	0.000008
512369	0.000539
1236987	0.004795
14789	0.026286
25789	0.001199
3698	0.002367
4789	0.010746
1256	0.003340
2456	0.004626
5891	0.000231
14789	0.026286
415369	0.000180
12369	0.041735
1456	0.003829
1236987	0.004795
987425613	0.000029
12365	0.002859
14758632	0.000064
12369	0.041735
874569	0.000084
1568	0.000088
2357	0.000864
1235789	0.019693
269385	0.000001
12458	0.000713
35418927	0.000000
1236	0.015388
4589	0.001859
15982	0.000137
1248	0.000569
2458379	0.000095
123596	0.001463
23695	0.000167
1235749	0.000171
9632587	0.000091
12369	0.041735
123569874	0.000425
32586	0.000561
1245693	0.000166
12369	0.041735
1235	0.005208
1536987	0.000357
15789	0.001262
7562	0.000021
12689	0.001402
1235987	0.000386
963258	0.000235
12589	0.006738
45698	0.000528
3569	0.002492
123456	0.000619
98745236	0.000023
12357	0.006933
32147	0.001168
1236	0.015388
1236	0.015388
1537869	0.000004
12369	0.041735
24789	0.002037
35789	0.013404
85963	0.000191
36987	0.002589
32147895	0.000358
3254	0.000145
23547896	0.000099
4569	0.004880
147895	0.001544
1235789	0.019693
25869	0.002318
14789	0.026286
2589	0.009541
1478965	0.000421
123698	0.004315
1235768	0.000406
123547	0.000564
124569	0.003036
42789	0.000528
214569	0.000441
1258963	0.001034
123578	0.005047
12369	0.041735
145683	0.000056
65789	0.001618
1235789	0.019693
478963	0.000732
478569321	0.000002
1236549	0.000350
4365789	0.000006
14258973	0.000006
845321	0.000033
952146	0.000000
5894	0.000099
12369	0.041735
27569	0.000073
32147896	0.001467
741236	0.000444
12369	0.041735
214563	0.000106
3214789	0.005185
753214	0.000387
5691	0.000150
75362	0.000022
24569	0.006535
12354789	0.002830
1472	0.000230
7295	0.000019
14789	0.026286
412357698	0.000004
2489	0.001785
3214789	0.005185
35486	0.000086
1452369	0.000362
12357896	0.005570
3296	0.000117
1478	0.006989
1245789	0.000650
1256	0.003340
245879	0.000187
321478	0.001373
75321	0.000470
4563	0.000621
14856	0.000029
12354789	0.002830
5896321	0.000202
12359	0.001715
124789	0.000872
456987	0.001043
1495	0.000184
54723698	0.000003
12589	0.006738
84356	0.000015
14236589	0.000044
14789	0.026286
147896	0.003145
1256	0.003340
2569874	0.000155
5698	0.001345
12365	0.002859
1478963	0.001815
1235789	0.019693
5842369	0.000004
94785	0.000016
47589	0.000274
12365789	0.001589
123695	0.001423
123654	0.001400
3258	0.001140
12369	0.041735
14869	0.001350
4159	0.000359
2456183	0.000404
4589762	0.000001
2586	0.002900
356189	0.000127
123578	0.005047
1425698	0.000071
5124879	0.000002
125874	0.000656
2369875	0.000146
123589	0.002515
7589	0.002242
123578	0.005047
35789	0.013404
1235789	0.019693
2369	0.005777
245789	0.001531
14569	0.005437
2456	0.004626
2456789	0.000133
12345	0.000699
456192	0.000005
2589	0.009541
2456987	0.001530
123698	0.004315
2547869	0.000030
1236987	0.004795
45678	0.000018
12456	0.002115
123689	0.000851
7235689	0.000001
1532	0.001598
2147896	0.000263
4789635	0.000146
35789	0.013404
84569	0.000905
2456318	0.000012
147869	0.000433
42631	0.000013
24869	0.003406
596321	0.000079
24569	0.006535
1235789	0.019693
258973	0.000030
78963	0.001957
1254789	0.001412
25689	0.001451
125689	0.001188
12369	0.041735
1236	0.015388
42769	0.000042
14587	0.000630
7426	0.000094
6528	0.000025
14256	0.000425
65789	0.001618
4589	0.001859
2589	0.009541
412369	0.000730
12369	0.041735
65487	0.000068
12369	0.041735
147896	0.003145
243589	0.000093
2369	0.005777
8512369	0.000093
8495	0.000113
14789	0.026286
12369	0.041735
24563	0.001399
142536	0.000048
1234	0.002013
56819742	0.000000
35789	0.013404
4123698	0.000078
4569	0.004880
5789	0.004192
123547896	0.000943
52369	0.000925
12357	0.006933
14569	0.005437
124869	0.001630
742369	0.000124
589632	0.000312
12354879	0.000009
45789	0.001133
3654789	0.000616
123698	0.004315
1456	0.003829
276541	0.000004
14789	0.026286
1478965	0.000421
78963214	0.000120
654789	0.003369
35789	0.013404
1596	0.002564
7569	0.000676
23576	0.000040
321587	0.000029
852369	0.001711
75412369	0.000030
142536987	0.000036
32147895	0.000358
214589	0.000143
84369	0.000032
123578	0.005047
587369	0.000006
1248	0.000569
32568	0.000128
24586	0.000738
12369	0.041735
1236	0.015388
4256	0.000549
25369	0.001376
12369	0.041735
1253	0.000670
852364	0.000022
12369	0.041735
1486253	0.000007
24569	0.006535
1258963	0.001034
65982	0.000026
65879	0.000119
1475869	0.000198
15369	0.002512
123698745	0.001551
12369	0.041735
235689	0.000107
1478	0.006989
2457813	0.000001
125869	0.001759
63214	0.000042
48632	0.000042
256891	0.000033
987456	0.000277
5687	0.000114
45321	0.000199
12357	0.006933
416258	0.000002
472589	0.000055
12357896	0.005570
7458	0.000209
532147896	0.000062
54789	0.001883
34587	0.000064
124569	0.003036
6578324	0.000000
569873	0.000032
148527	0.000002
36987415	0.000102
43578	0.000111
14789	0.026286
1254789	0.001412
14789	0.026286
5689	0.001282
14789	0.026286
245689	0.001702
516283	0.000001
12369	0.041735
258741	0.000639
65879	0.000119
14569	0.005437
2753	0.000248
14789	0.026286
65874123	0.000128
14569	0.005437
12369	0.041735
125864	0.000189
1425789	0.000125
2365789	0.000207
124569	0.003036
5623	0.000019
3698741	0.000210
24561789	0.000313
512369	0.000539
1236987	0.004795
2456987	0.001530
8594	0.000017
125687	0.000103
24568	0.000821
12369	0.041735
3578	0.003549
142536987	0.000036
15789	0.001262
123578	0.005047
2536	0.000499
6589	0.002987
7536	0.000932
34586	0.000072
1456	0.003829
74569	0.000649
14753286	0.000035
24789	0.002037
87532	0.000038
2495	0.000196
1235789	0.019693
12345896	0.000086
2951	0.000023
75369	0.002540
48693	0.000016
2183	0.000088
5469321	0.000001
123698	0.004315
1592	0.000114
4569	0.004880
74123596	0.000147
2453	0.000486
12365489	0.000210
248657931	0.000001
1236	0.015388
12369	0.041735
7689	0.000304
12589	0.006738
1253	0.000670
2589	0.009541
123674	0.000069
24159	0.000067
145689	0.001421
127896	0.000060
1235789	0.019693
14569	0.005437
1236	0.015388
7896	0.003549
2159	0.000201
3869	0.000425
12569	0.004768
14723869	0.000000
2789	0.002152
1456987	0.001249
1235789	0.019693
14789	0.026286
58963	0.000812
15963	0.001457
1258	0.004995
14569	0.005437
32589	0.001496
987536	0.000653
2367	0.000024
12357869	0.000480
1254789	0.001412
2145698	0.000052
65987	0.000267
1536289	0.000015
98742563	0.000060
35618274	0.000004
47689	0.000038
125689	0.001188
321856	0.000008
32589	0.001496
15987	0.001358
7598	0.000401
321456	0.000897
14789	0.026286
24357	0.000268
1456	0.003829
12369	0.041735
25863	0.000971
23578	0.000626
23658	0.000201
32456	0.000257
7532	0.000765
2163	0.000044
245689	0.001702
57896	0.000495
42683	0.000058
657423	0.000010
45628	0.000103
35478	0.000424
321478	0.001373
125689	0.001188
2587416	0.000028
12357896	0.005570
253741	0.000042
12589	0.006738
2435789	0.000756
15963	0.001457
12587	0.001589
24569	0.006535
1235	0.005208
741236	0.000444
47895	0.000526
1258	0.004995
123587	0.000602
12358	0.001864
12369	0.041735
159874	0.000420
5789	0.004192
1236	0.015388
25869	0.002318
25894713	0.000001
47896321	0.000383
245689	0.001702
68932	0.000078
3578	0.003549
2569	0.006074
1236	0.015388
12487	0.000458
569874123	0.000467
32147896	0.001467
923456	0.000002
1235786	0.000542
14786	0.000549
2458	0.001756
12369	0.041735
75369	0.002540
24589	0.002350
8521	0.000353
1236987	0.004795
14578	0.000307
87412369	0.000107
12369	0.041735
14256	0.000425
24569	0.006535
53621478	0.000001
12369	0.041735
26874153	0.000008
253618	0.000004
56987	0.001708
569321	0.000062
1235964	0.000190
25689	0.001451
256938	0.000015
12369	0.041735
8632147	0.000055
789632	0.000616
2785	0.000094
74589	0.000284
124563	0.000731
7596	0.000388
75386	0.000198
12369	0.041735
2456	0.004626
123659	0.000762
4356	0.000047
94561832	0.000001
152369	0.000499
32147896	0.001467
4789	0.010746
987536	0.000653
1472589	0.000164
6547893	0.000048
3578	0.003549
12369	0.041735
69853	0.000002
654789	0.003369
87412369	0.000107
12369	0.041735
1486	0.001736
852367	0.000009
123654789	0.003970
547891	0.000047
12365789	0.001589
14569	0.005437
12369	0.041735
123456	0.000619
1236987	0.004795
4789	0.010746
7542	0.000004
5874	0.000214
25869	0.002318
1472963	0.000023
75689	0.000174
1236	0.015388
47589	0.000274
123689	0.000851
3574	0.000394
51832	0.000017
15287	0.000024
2351478	0.000003
1632	0.000183
4789	0.010746
3569	0.002492
125789	0.000902
12369	0.041735
3256	0.000723
25478639	0.000002
5698741	0.000225
5896	0.001363
74159	0.000616
1235698	0.000469
5214789	0.000326
68957	0.000143
35789	0.013404
36958	0.000043
1236987	0.004795
12589	0.006738
1478	0.006989
3256987	0.000162
12589	0.006738
852369	0.001711
4215963	0.000015
15369	0.002512
8795	0.000213
856741	0.000001
42789	0.000528
32589	0.001496
12987	0.000068
36987	0.002589
2486	0.004321
1296	0.000090
7481596	0.000001
2456	0.004626
42586	0.000393
3569	0.002492
2563	0.001216
2486	0.004321
124568	0.000384
42695	0.000015
514789632	0.000101
7532486	0.000065
12357	0.006933
12689	0.001402
29458	0.000003
3698125	0.000006
32589	0.001496
12369	0.041735
24863579	0.000045
354789	0.001633
3596	0.001130
123698	0.004315
24518379	0.000027
35789	0.013404
124869	0.001630
8569	0.001120
486153	0.000001
1245	0.002686
14587	0.000630
1235789	0.019693
42689	0.000695
1269	0.001093
5749	0.000009
25369	0.001376
14789	0.026286
123698745	0.001551
123574	0.001541
2589	0.009541
35789	0.013404
12587	0.001589
354789	0.001633
354789	0.001633
24317896	0.000015
12369	0.041735
1423658	0.000024
1452369	0.000362
1235789	0.019693
753698	0.000714
4563	0.000621
12369	0.041735
147896	0.003145
24563	0.001399
9874265	0.000033
258693	0.000104
12357869	0.000480
15963	0.001457
1569	0.000763
2589	0.009541
12354	0.001389
3254789	0.000280
985123476	0.000000
2589	0.009541
14769	0.000071
12365	0.002859
2589	0.009541
123578964	0.000995
25631	0.000081
14789	0.026286
1689	0.000166
142687	0.000053
1478	0.006989
365478	0.000121
74125	0.000098
2589	0.009541
1243658	0.000005
145632	0.000609
45269	0.000017
365874	0.000014
125386	0.000084
123578	0.005047
1236985	0.001438
1236549	0.000350
357426	0.000028
1245789	0.000650
14789	0.026286
32147896	0.001467
25789634	0.000017
214589637	0.000002
3258	0.001140
14789	0.026286
32147569	0.000123
25698	0.000678
8561	0.000201
125639	0.000165
12589	0.006738
14789632	0.001324
85963	0.000191
12569	0.004768
2534	0.000075
2458	0.001756
1236	0.015388
74569	0.000649
842369	0.000022
147532	0.000702
214753	0.000073
2589	0.009541
321578	0.000046
258963	0.001239
3578291	0.000005
2583	0.000390
3214569	0.001352
1478963	0.001815
2547896	0.000223
4789	0.010746
1245	0.002686
3578	0.003549
5183796	0.000003
12369	0.041735
5789	0.004192
8596	0.000321
235789	0.002374
12357896	0.005570
124569	0.003036
65234789	0.000021
2537	0.000105
4561789	0.000198
5214789	0.000326
8561	0.000201
125896	0.000827
56984123	0.000036
7895	0.001412
24789	0.002037
2487	0.000994
2369	0.005777
3417	0.000001
62145	0.000031
12357896	0.005570
14589	0.001850
3569	0.002492
6839	0.000133
41236	0.000268